version https://git-lfs.github.com/spec/v1
oid sha256:fe7e4ba3f24323eb18fc42b73157b392a63936d7c5a755b2e159f18378608552
size 183804
